 17666
 54300
 54094
 24352
 11710
 46682
  1166
 13286
 31404
 58892
 23403
 19802
 53236
 41554
 25076
 19328
 28221
 25948
 46946
 19200
 18614
  5917
 37923
 17540
 58935
 40457
 17862
 15177
 24379
 44140
 58942
 14831
  6011
 22768
 27782
 51116
 42129
 61034
 15146
 65280
  9842
 16377
 21862
 47530
 23619
 36683
 44690
  7855
 61844
 44048
 40306
 53295
 18598
 26174
 46768
  5548
 42775
 35962
 48941
 14265
 17763
 42111
 33045
 61341
  1144
 33428
 26916
 30804
 51131
  3102
 26444
  8717
 54150
 56317
  8009
  8189
 54140
  3479
 29611
 62198
 58392
 14711
 10328
 19559
 43206
 44815
 12277
  1902
 45599
 57602
 47431
 19665
 29401
 33176
 12882
 41482
 41892
 52042
 11896
 10099
 58457
 39315
 15550
 48747
 40725
 43030
 20668
  1444
 60357
 43382
 18635
 61280
 34077
  4744
 65497
 41682
 20232
 20790
 52806
 30023
 48765
 41226
 63926
 22894
  7707
  9792
 53326
 17712
  2687
 62255
   928
 40332
 45750
 61861
 27813
 63629
 15948
 33941
  5426
 12635
  3826
 17807
  7606
 63816
 15227
 36275
 23562
 45473
 48235
  6990
